+5
-3
+4
-5
+8
-12
+54
-1
+44
-22
+1
-2
+3
-4
+5
-6
+7
-7
+33
-22
+11
-12
+13
-15
+55
-44
+77
-88
+44
-11
+10
-1
+2
-1
+3
-1
+5
-1
+4
-5
+5
-3
+4
-5
+8
-12
+54
-1
+44
-22
+1
-2
+3
-4
+5
-6
+7
-7
+33
-22
+11
-12
+13
-15
+55
-44
+77
-88
+44
-11
+10
-1
+2
-1
+3
-1
+5
-1
+4
-5
+5
-3
+4
-5
+8
-12
+54
-1
+44
-22
+1
-2
+3
-4
+5
-6
+7
-7
+33
-22
+11
-12
+13
-15
+55
-44
+77
-88
+44
-11
+10
-1
+2
-1
+3
-1
+5
-1
+4
-5
+5
-3
+4
-5
+8
-12
+54
-1
+44
-22
+1
-2
+3
-4
+5
-6
+7
-7
+33
-22
+11
-12
+13
-15
+55
-44
+77
-88
+44
-11
+10
-1
+2
-1
+3
-1
+5
-1
+4
-5
+5
-3
+4
-5
+8
-12
+54
-1
+44
-22
+1
-2
+3
-4
+5
-6
+7
-7
+33
-22
+11
-12
+13
-15
+55
-44
+77
-88
+44
-11
+10
-1
+2
-1
+3
-1
+5
-1
+4
-5
+5
-3
+4
-5
+8
-12
+54
-1
+44
-22
+1
-2
+3
-4
+5
-6
+7
-7
+33
-22
+11
-12
+13
-15
+55
-44
+77
-88
+44
-11
+10
-1
+2
-1
+3
-1
+5
-1
+4
-5
+5
-3
+4
-5
+8
-12
+54
-1
+44
-22
+1
-2
+3
-4
+5
-6
+7
-7
+33
-22
+11
-12
+13
-15
+55
-44
+77
-88
+44
-11
+10
-1
+2
-1
+3
-1
+5
-1
+4
-5
+5
-3
+4
-5
+8
-12
+54
-1
+44
-22
+1
-2
+3
-4
+5
-6
+7
-7
+33
-22
+11
-12
+13
-15
+55
-44
+77
-88
+44
-11
+10
-1
+2
-1
+3
-1
+5
-1
+4
-5
+5
-3
+4
-5
+8
-12
+54
-1
+44
-22
+1
-2
+3
-4
+5
-6
+7
-7
+33
-22
+11
-12
+13
-15
+55
-44
+77
-88
+44
-11
+10
-1
+2
-1
+3
-1
+5
-1
+4
-5
+5
-3
+4
-5
+8
-12
+54
-1
+44
-22
+1
-2
+3
-4
+5
-6
+7
-7
+33
-22
+11
-12
+13
-15
+55
-44
+77
-88
+44
-11
+10
-1
+2
-1
+3
-1
+5
-1
+4
-5
+5
-3
+4
-5
+8
-12
+54
-1
+44
-22
+1
-2
+3
-4
+5
-6
+7
-7
+33
-22
+11
-12
+13
-15
+55
-44
+77
-88
+44
-11
+10
-1
+2
-1
+3
-1
+5
-1
+4
-5
+5
-3
+4
-5
+8
-12
+54
-1
+44
-22
+1
-2
+3
-4
+5
-6
+7
-7
+33
-22
+11
-12
+13
-15
+55
-44
+77
-88
+44
-11
+10
-1
+2
-1
+3
-1
+5
-1
+4
-5
+5
-3
+4
-5
+8
-12
+54
-1
+44
-22
+1
-2
+3
-4
+5
-6
+7
-7
+33
-22
+11
-12
+13
-15
+55
-44
+77
-88
+44
-11
+10
-1
+2
-1
+3
-1
+5
-1
+4
-5
+5
-3
+4
-5
+8
-12
+54
-1
+44
-22
+1
-2
+3
-4
+5
-6
+7
-7
+33
-22
+11
-12
+13
-15
+55
-44
+77
-88
+44
-11
+10
-1
+2
-1
+3
-1
+5
-1
+4
-5
+5
-3
+4
-5
+8
-12
+54
-1
+44
-22
+1
-2
+3
-4
+5
-6
+7
-7
+33
-22
+11
-12
+13
-15
+55
-44
+77
-88
+44
-11
+10
-1
+2
-1
+3
-1
+5
-1
+4
-5
+5
-3
+4
-5
+8
-12
+54
-1
+44
-22
+1
-2
+3
-4
+5
-6
+7
-7
+33
-22
+11
-12
+13
-15
+55
-44
+77
-88
+44
-11
+10
-1
+2
-1
+3
-1
+5
-1
+4
-5
+5
-3
+4
-5
+8
-12
+54
-1
+44
-22
+1
-2
+3
-4
+5
-6
+7
-7
+33
-22
+11
-12
+13
-15
+55
-44
+77
-88
+44
-11
+10
-1
+2
-1
+3
-1
+5
-1
+4
-5
+5
-3
+4
-5
+8
-12
+54
-1
+44
-22
+1
-2
+3
-4
+5
-6
+7
-7
+33
-22
+11
-12
+13
-15
+55
-44
+77
-88
+44
-11
+10
-1
+2
-1
+3
-1
+5
-1
+4
-5
+5
-3
+4
-5
+8
-12
+54
-1
+44
-22
+1
-2
+3
-4
+5
-6
+7
-7
+33
-22
+11
-12
+13
-15
+55
-44
+77
-88
+44
-11
+10
-1
+2
-1
+3
-1
+5
-1
+4
-5